/left/default_pose:
    x: 0.25
    y: -0.025
    z: 0.5
    rx: 1.57079625
    ry: 0
    rz: 0
/right/default_pose:
    x: 0.25
    y: 0.37
    z: 0.5
    rx: -1.57079625
    ry: 0
    rz: 0
